Size = 5
Cycles = 2185.000000
Size = 10
Cycles = 12906.000000
Size = 50
Cycles = 1533788.000000
Size = 100
Cycles = 13368927.000000
