Cycles : 2058.000000

Cycles : 12795.000000

Cycles : 1541667.000000

Cycles : 13646749.000000
