Size = 5
Cycles = 2259.000000
Size = 10
Cycles = 13016.000000
Size = 50
Cycles = 1525212.000000
Size = 100
Cycles = 13189850.000000
