Size = 5
Cycles = 2077.000000
Size = 10
Cycles = 13681.000000
Size = 50
Cycles = 1649273.000000
Size = 100
Cycles = 15404960.000000
