Size = 5
Cycles = 1727.000000
Size = 10
Cycles = 13514.000000
Size = 50
Cycles = 1836262.000000
Size = 100
Cycles = 13755000.000000
