Size = 5
Cycles = 1738.000000
Size = 10
Cycles = 13478.000000
Size = 50
Cycles = 1680011.000000
Size = 100
Cycles = 13698604.000000
